FANN_FLO_2.1
num_layers=3
learning_rate=0.700000
connection_rate=1.000000
network_type=0
learning_momentum=0.000000
training_algorithm=2
train_error_function=1
train_stop_function=0
cascade_output_change_fraction=0.010000
quickprop_decay=-0.000100
quickprop_mu=1.750000
rprop_increase_factor=1.200000
rprop_decrease_factor=0.500000
rprop_delta_min=0.000000
rprop_delta_max=50.000000
rprop_delta_zero=0.100000
cascade_output_stagnation_epochs=12
cascade_candidate_change_fraction=0.010000
cascade_candidate_stagnation_epochs=12
cascade_max_out_epochs=150
cascade_min_out_epochs=50
cascade_max_cand_epochs=150
cascade_min_cand_epochs=50
cascade_num_candidate_groups=2
bit_fail_limit=3.49999994039535522461e-01
cascade_candidate_limit=1.00000000000000000000e+03
cascade_weight_multiplier=4.00000005960464477539e-01
cascade_activation_functions_count=10
cascade_activation_functions=3 5 7 8 10 11 14 15 16 17 
cascade_activation_steepnesses_count=4
cascade_activation_steepnesses=2.50000000000000000000e-01 5.00000000000000000000e-01 7.50000000000000000000e-01 1.00000000000000000000e+00 
layer_sizes=6 6 5 
scale_included=0
neurons (num_inputs, activation_function, activation_steepness)=(0, 0, 0.00000000000000000000e+00) (0, 0, 0.00000000000000000000e+00) (0, 0, 0.00000000000000000000e+00) (0, 0, 0.00000000000000000000e+00) (0, 0, 0.00000000000000000000e+00) (0, 0, 0.00000000000000000000e+00) (6, 5, 5.00000000000000000000e-01) (6, 5, 5.00000000000000000000e-01) (6, 5, 5.00000000000000000000e-01) (6, 5, 5.00000000000000000000e-01) (6, 5, 5.00000000000000000000e-01) (0, 5, 0.00000000000000000000e+00) (6, 5, 5.00000000000000000000e-01) (6, 5, 5.00000000000000000000e-01) (6, 5, 5.00000000000000000000e-01) (6, 5, 5.00000000000000000000e-01) (0, 5, 0.00000000000000000000e+00) 
connections (connected_to_neuron, weight)=(0, -1.43176550292968750000e+03) (1, -3.85014587402343750000e+02) (2, -1.30597372055053710938e+01) (3, -6.98592956542968750000e+02) (4, 1.50000000000000000000e+03) (5, 1.48839318847656250000e+03) (0, 1.26688125610351562500e+02) (1, 5.08992950439453125000e+02) (2, 8.49040317535400390625e+00) (3, 1.50000000000000000000e+03) (4, 1.50000000000000000000e+03) (5, 7.12194085121154785156e-01) (0, 1.49999963378906250000e+03) (1, -1.10314476013183593750e+02) (2, -4.89161586761474609375e+00) (3, 3.11995910644531250000e+02) (4, 1.50000000000000000000e+03) (5, -1.62305068969726562500e+00) (0, 5.97411437988281250000e+02) (1, 9.97950500488281250000e+02) (2, 1.38771796226501464844e+00) (3, -1.16844531250000000000e+03) (4, 1.50000000000000000000e+03) (5, -4.42946481704711914062e+00) (0, -1.50000000000000000000e+03) (1, 1.50000000000000000000e+03) (2, -1.07976806640625000000e+03) (3, -1.42419042968750000000e+03) (4, 1.50000000000000000000e+03) (5, -1.50000000000000000000e+03) (6, 1.50000000000000000000e+03) (7, 1.50000000000000000000e+03) (8, 1.22315295410156250000e+03) (9, 1.40135717773437500000e+03) (10, 1.50000000000000000000e+03) (11, 1.32935278320312500000e+03) (6, 1.56239273071289062500e+02) (7, 1.48497094726562500000e+03) (8, -1.84730732440948486328e+00) (9, -1.32755261230468750000e+03) (10, 1.49892346191406250000e+03) (11, 1.48891760253906250000e+03) (6, -6.03733396530151367188e+00) (7, -1.26761713027954101562e+01) (8, -4.02084846496582031250e+01) (9, -5.79330015182495117188e+00) (10, 2.37639117240905761719e+00) (11, -6.10857238769531250000e+01) (6, 1.74823677539825439453e+00) (7, -1.93055114746093750000e+01) (8, -4.79124307632446289062e+00) (9, 2.32354259490966796875e+00) (10, 1.21681575775146484375e+01) (11, -1.05256090164184570312e+01) 
